11388131
12461305
12952547
15323063
15572716
15758007
16567608
16765240
17162144
17269833
17456828
17567225
17712071
20112435
20819866
21051745
21156884
22071529
22466034
22737097
23449283
23471929
23574801
23740530
24377421
24780720
25024246
25567824
25725597
25827034
25991397
26524702
27112538
27252874
27940627
27969571
28081941
20362271
20504370
20655691
20976281
21182790
21722567
21727258
21862746
21931496
22051424
23193215
23439167
23445773
23781409
23873756
23913737
23940245
23968235
23969148
24177317
24283597
24297547
24303267
24349080
24507049
24636641
24658100
24734124
24882379
25091637
25104519
25431293
25933736
26116311
26167484
26209741
26221186
26283069
26365338
26370823
26725697
26961369
27151343
27621120
27749702
25851993
27317850
26082655
28222112
