10319359
10504141
10546917
10609549
10675182
10788034
10806596
11029865
11242573
11276300
11352439
11422925
11547487
11601931
11711691
11712472
11740713
11759460
11783196
11790213
11799342
11863396
12013352
12087344
12164077
12167930
12236848
12374588
12426769
12472978
12531167
12580992
12597263
12637655
12730761
12845387
12897065
14551183
14640772
14663455
14727980
14745988
14982768
15001970
15037491
15047038
15068827
15078195
15090899
15109694
15151167
15179409
15260514
15260917
15266218
15477727
15556493
15635687
15660956
15712166
15867682
15898829
15900287
15914127
15916450
16005588
16008116
16062162
16170388
16223196
16281740
16415120
16427091
16536216
16553520
16752942
16988208
17064205
17081929
17091726
17126626
17168768
17182483
17323972
17376387
17500507
17611934
17706549
17723081
17908423
17925502
17978552
18214849
18214850
18236826
18297892
18367983
18415652
18420532
18618477
18631971
18672769
18688789
18801094
18928143
19041297
19075617
19075623
19137500
19275687
19353999
19422358
19479101
19486356
19527822
19552494
19552749
19587643
19639535
19913311
19942755
19968403
20047146
20152556
20178874
20190979
20374973
20393696
20458212
20492299
20509982
20565457
20617421
20630022
20637575
20653549
20664534
20832765
20869315
20949341
21049395
21054461
21067427
21093571
21112196
21287929
21339547
21359645
21441484
21474895
21584252
21619518
21652696
21694984
21742280
21792336
21816140
21827215
21838705
21851848
21878380
21892916
21959528
22024968
22100563
22108488
22117784
22189672
22236736
22313151
22430963
22447390
22465145
22509899
22528756
22561501
22651380
22668503
22725836
22747079
22754069
22802250
22809022
22831551
22877768
22887889
22897137
22928722
22968811
23091804
23097415
23139615
23202964
23203875
23256289
23268924
23289831
23333907
23339253
23342982
23394678
23425861
23458441
23510966
23543533
23548131
23627017
23642960
23669408
23701184
23798795
23813259
23820895
23876595
23881421
23885542
23920250
23981406
24001154
24114444
24146498
24169540
24171723
24180243
24215519
24223693
24223973
24227636
24256769
24274358
24275566
24280481
24293336
24354527
24362595
24370063
24372182
24383621
24388027
24392691
24452064
24452744
24467532
24472406
24498048
24498827
24517028
24517259
24631340
24663127
24678252
24679138
24695802
24709192
24710854
24719702
24735618
24742752
24797776
24831257
24886738
24898541
24918129
24920127
24928828
24948059
24964655
24969391
24974470
24992761
24996308
25034326
25099385
25110708
25153228
25158128
25197954
25216634
25223504
25251944
25270866
25371557
25408245
25434165
25442923
25448085
25526577
25533650
25553687
25614104
25618121
25694742
25733812
25733840
25859301
25862192
25881474
25911807
25914039
25954198
25980574
25983850
26006029
26012253
26026872
26060475
26066646
26100049
26119520
26139922
26179835
26206997
26209192
26262159
26339628
26343100
26370954
26375994
26375995
26375996
26417265
26422426
26435144
26453562
26478732
26526838
26565983
26577109
26587392
26591507
26637485
26669124
26670692
26675080
26688182
26696029
26697682
26697699
26723470
26725670
26755857
26760986
26823680
26827101
26857892
26861284
26912097
26921672
26924563
26931029
27046048
27054913
27223851
8137336
8137607
8612386
8845209
9216247
9675316
9973802