10223776
10370874
10445384
10456490
10460065
10511919
10546925
10548035
10563860
10579471
10592712
10605889
10606837
10671908
10688276
10759694
10760844
10837555
10859150
10907671
10930710
10956088
11009051
11049012
11079273
11169171
11204334
11214778
11231102
11234803
11238826
11405288
11548155
11551483
11572503
11724078
11766268
11816871
11823753
11823754
11853517
1186261
11897929
11978146
12015791
12058984
12074963
12095536
12207630
12365194
12378978
12451428
12453666
12554112
12611197
12698101
12751275
12866239
12891222
12971031
12972089
13129467
14624951
14641551
14679360
15001969
15019191
15025743
15073652
15098799
15135154
15138045
15197115
15285845
15449971
15455053
15485580
15485894
15531381
15560888
15582196
15592332
15640378
15648012
15735611
15942138
15969491
15983823
1796919
2081477
2393959
2553054
43606
44616
5485078
6314492
6345752
7086679
7526076
7582380
7586927
7621619
7628179
7648762
7768070
7813990
8039540
8396352
8485024
855849
8562295
8612381
8728348
8739026
8827059
8986071
9248771
9260034
9369022
9393623
9515185
9550749
9562227
9565737
9578182
9585793
9591935
9706183
9723817
9757152
16048029
16048354
16077190
16120075
16122154
16272810
16305592
16380358
16387698
16390351
16413247
16416305
16440197
16447756
16513448
16563062
16632449
16669846
16776723
16942732
16945054
16995870
17064205
17077528
17101740
17112309
17177570
17321025
17322140
17335224
17392396
17392729
17465224
17487927
17542018
17613133
17676865
17691921
17704021
17766652
17891587
17971226
18057881
18081776
18172627
18181568
18217925
18363644
18382075
18398871
18433343
18451520
18663908
18666368
18712704
18826865
18842174
19022329
19053852
19053875
19075617
19204629
19215129
19396021
19445995
19479982
19589295
19610031
19694738
19699784
19763832
19766437
19817752
20023099
20128928
20132041
20156133
20160155
20187577
20238363
20406214
20449528
20455581
20501040
20503932
20509982
20512335
20629366
21033710
21076110
21083102
21086548
21092375
21142260
21189136
21235125
21436982
21438531
21446776
21449563
21466426
21480414
21485270
21497708
21500482
21553459
21593283
21612873
21682192
21774910
21812328
21889530
22039822
22173777
22246685
22284343
22348413
22465942
22530299
22530306
22713931
22730801
22924523
22928618
22940371
22943633
22980024
22995388
23047652
23072531
23072698
23126367
23220608
23264447
23290225
23293517
23373097
23377805
23399662
23412889
23478684
23588433
23673492
23677858
23696038
23818393
23973994
23989519
24112576
24115016
24117278
24118332
24138211
24206679
24245895
24295371
24303901
24334957
24410208
24412378
24506271
24514747
24515341
24619146
24796302
24813412
24841877
24938126
24988412
25007331
25008344
25009961
25026202
25244067
25253884
25365914
25418056
25470100
25588369
25622252
25658421
25727734
25775227
25778541
25784510
25788027
25888837
25911862
26095990
26098775
26179835
26180595
26296465
26304444
26338111
26356840
26526838
26905631
26939271
27294349

