10093441
10095012
10102789
10192827
10195813
10195816
10196569
10208316
10208318
10208323
10208324
10208378
10221762
10229066
10231167
10231171
10235128
10235268
10235285
10235302
10235307
10323421
10325585
10334497
10340537
10344783
10350361
10350362
10356104
10356778
10357725
10366990
10368879
10371401
10371406
10381904
10383823
10386658
10386666
10386667
10386670
10394996
10395165
10396106
10397281
10397283
10397284
10403012
10407822
10412881
10416826
10422775
10422776
10428361
10430553
10434509
10435403
10435606
10436701
10437997
10440465
10456559
10456561
10456563
10456581
10457541
10460312
10463395
10463801
10470981
10472515
10474828
10477672
10485958
10485962
10485969
10487382
10487388
10487390
10487731
10489797
10490513
10498317
10512311
10513569
10518119
10527645
10528811
10528812
10548268
10548275
10549997
10549999
10550002
10551276
10553740
10574035
10584447
10585221
10585638
10591872
10594475
10622235
10627067
10638585
10638648
10640291
10649673
10653211
10656194
10656195
10661676
10661677
10669072
10672634
10680713
10680718
10698366
10699142
10699653
10708326
10731623
10731624
10768668
10770449
10776677
10780243
10780291
10780295
10780297
10780808
10798583
10803789
10805043
10820132
10821139
10832908
10832917
10837849
10837929
10843305
10847214
10855379
10863887
10880683
10881254
10882331
10885642
10888074
10890797
10924015
10943907
10946156
10959541
10968409
10968654
10974602
10974609
10980926
11003974
11022016
11026738
11037077
11044599
11045862
11045863
11060477
11068025
11071837
11091024
11091028
11091031
11093959
11093966
11103890
11104106
11122016
11124391
11136944
11139409
11163120
11166066
11185650
11719733
1186261
1351467
1618254
1687851
1743247
18201934
19330921
19695390
23230132
2609474
2783702
2837105
2859136
3725002
3890590
3954936
6132935
6140699
6489412
699626
7988628
8018458
8364260
8554942
8799523
8909272
9506002
11195999
11198050
11198720
11218073
11262303
11267634
11270910
11277606
11290844
11292002
11597775
26192095
26194894
26205314
26207766
26210935
26216390
26216521
26226164
26228024
26229455
26231032
26237288
26237325
26247621
26249365
26260061
26268145
26275374
26288469
26298906
26301177
26324006
26327688
26331880
26342419
26343476
26343589
26353844
26356398
26383997
26402354
26409752
26415538
26423207
26424666
26427296
26442908
26453285
26453449
26463904
26466222
26478902
26507558
26509893
26517751
26517983
26526669
26539755
26555891
26566284
26578016
26580313
26591225
26597914
26615179
26623950
26627912
26648696
26657597
26661278
26691867
26694529
26727524
26742808
26748409
26775039
26788581
26796639
26810371
26828228
26839243
26904700
26959045
26977830
26990039
27023898
27038593
27060232
27073752
27090561
27155501
27163412
27184383
27241259
27256358
27273539
27274417
27282365
27291584
