1096217
1130320
1195513
1199816
1237618
1239152
1254135
1282174
1319871
1330396
1338321
1361775
1363640
1379149
1395360
1414906
1427656
1430302
1468429
1474160
1484945
1487562
1498266
1500574
1500575
1523237
1537265
1563571
1586385
1656742
1706011
1706804
1711444
1743804
1761083
1772462
1773494
1782737
1788614
1804553
1815968
1817051
1820900
1837683
1880222
1880721
1938852
1967111
1969950
1970699
1974137
1976784
2013216
2029998
2051321
2056984
2060253
2067972
2072810
2110389
2157557
2158410
2190595
2226222
2233987
2236178
2252331
2262587
2271747
2322634
2322635
2328301
2338118
2338632
2339107
2364843
2393959
2403731
2421563
2428969
2432374
2494567
2510372
2513716
2532460
2560185
2561256
2585786
2598978
2612060
2624820
2638084
2656048
2661102
2673623
2689042
2692639
2697626
2708552
2722977
2726416
2732122
2737790
2799699
2800577
2804252
2821081
2862095
528155
630792
765184
770079
773406
788737
791973
819341
899874
927466
976306
10225572
10350016
10511919
10548035
10579146
10610011
111285
112265
115915
11837383
119258
12015789
12015791
12680887
12971031
14527091
14998423
15090899
153576
15371986
15534081
15601808
15647414
15701769
15978308
15991880
16223196
16638738
16995871
17270055
17286787
17389557
17617289
17966839
18007569
18176118
18272844
18471347
18634396
18671458
18793575
18801094
18823217
19293342
19356393
19369574
19446149
19591515
20869315
21138349
21443600
21548660
21803422
21819160
22031621
22128201
22149151
22167566
22336488
22669570
22717418
22735461
22759198
22849770
23230999
23338
23497763
234981
23503449
23553850
23720136
238002
24117531
24327
24663127
24723311
24944041
24964392
24969391(doubt
25158128
25448085
25980574
26723470
2862173
2866148
2882643
2895125
2913132
2948431
2949941
2957719
2968061
2979673
2994984
302241
3026151
3061720
3066620
3071802
3112809
3125355
3135514
3234463
3297181
3311552
3315273
3325926
3327676
3356120
3360048
3360860
3366169
3374026
3391875
3427209
3527062
3548154
355958
3575355
3583472
3615533
3664105
3699941
37318
3733276
3771959
3771960
3793957
3802700
3816536
3838321
3892597
3893922
3918093
3919988
393102
3948471
3987521
3987803
4006175
4019956
402630
4032245
4053915
406102
4064929
427007
4559027
475947
500517
5008599
557543
6091711
6109588
6125095
6150975
6285814
6352137
6365714
6370541
6379020
6391783
7023791
7046346
7047168
7096605
7097474
7097486
7174832
71777
7283417
7285479
7328486
7376
7429342
7447423
81118
8198
8527268
8527269
85405
85872
8735684
8737763
87729
8793415
8799515
8818844
8839932
8842054
8866038
8866042
8901078
8907720
8930779
9049582
9068936
9333047
9602956
9882081

